-0.272908367017
0.144092658588
-0.146615159078
0.0832927626225
-0.38136094211
-0.354233095949
-0.352509903935
-0.280583517148
-0.249764103923
0.276573636444
-0.21594066591
-0.0651241825461
-0.221932199441
-0.0940154559559
-0.485663379099
-0.173719606062
-0.503514234566
-0.161130788358
-0.00826006539589
-0.211050084086
-0.53091159038
-0.205765770656
-0.606046378295
-0.694521709007
-0.0419666552101
-0.731348821688
-0.239236691151
-0.226702569329
-0.449878826486
-0.423604336863
-0.538053629761
0.275723331151
-0.430433811578
-0.421972824889
-0.622470977196
-0.362405741559
-0.336567174597
-0.392318904341
-0.447988418551
-0.701136587333
-0.130376641445
-0.425651814373
-0.425151472974
-0.16417584224
-0.19767650097
-0.340546975299
-0.0591137370967
-0.374033010166
-0.435688411321
-0.414567059527
-0.569435360293
-0.422179518194
0.218842162938
-0.393329590484
0.140749816202
0.0583568521452
-0.301601773487
-0.067396033222
-0.325014097172
-0.504543442949
-0.593943337342
-0.339309939815
-0.0778102101164
0.0644515579005
-0.441484068912
-0.158983152359
-0.713234096018
-0.518168197349
-0.529188164696
-0.151406230307
-0.144702684187
-0.340001786562
-0.131351161497
-0.463395410099
-0.328780039976
-0.206507309627
-0.403130324015
-0.405877203703
-0.246491561613
-0.312894496007
-0.308504417918
-0.846014680049
-0.00568578085879
-0.716890814024
-0.201117672765
-0.638780121013
0.0375356805756
-0.393810488744
-0.351377178278
-0.0853887314928
-0.211380244361
-0.0450199626359
-0.52479704862
-0.602752190809
-0.48435513061
-0.0665883812011
-0.291051582895
-0.426833686341
-0.438384415867
-0.512979695535
-0.0567029051407
-0.0596555486664
0.0448600942447
-0.653292343553
-0.0674871372163
-0.217328898028
-0.425095449452
-0.0249882622982
-0.438260086059
-0.0635317806054
-0.43688834201
-0.628782896555
-0.44949865827
-0.233180637863
-0.588502711991
-0.457159130654
-0.61467615169
-0.338960636446
-0.393513327088
-0.410367645733
-0.45502166132
-0.156692006131
-0.497761788156
-0.25223760227
-0.58457939953
-0.182590962822
-0.208067555089
-0.265002532878
0.0795138653731
-0.119784684646
-0.25224091729
0.568828649566
-0.360529156321
0.094334646482
-0.341317299821
-0.418346199965
-0.22223138924
-0.588780745823
-0.218171264478
-0.608971179391
-0.649174610031
0.189271313281
-0.162203051688
-0.516436364547
-0.850827701963
-0.395471016443
-0.709824931902
0.230859961738
-0.703886299435
0.0959617436025
-0.340999723527
-0.0246934662591
-0.629821498584
0.201128446884
-0.131352046104
-0.0518039522987
-0.480912444845
-0.5973870619
-0.390851279865
-0.549749945862
-0.474370744448
-0.139707155716
-0.0235033901418
-0.391361463095
-0.550835044759
0.31096499199
-0.0142968349054
-0.350249540128
-0.505560959541
-0.428847724346
-0.30451334204
-0.425498640576
-0.24486511451
-0.351285122248
0.0762163198547
-0.533519780719
-0.589300798395
-0.576598347564
-0.260426432704
0.000645840996549
-0.316127876922
-0.167365188656
0.145999254931
-0.576585541439
-0.451123070735
-0.273138097258
-0.481002461741
0.0176924135216
0.11826204929
-0.470875712891
0.319052302073
-0.539654040397
-0.86936929434
0.280060063619
-0.775292223776
-0.245352405474
0.0713886215808
-0.426498066048
0.239063913564
-0.151884196231
