-0.24242071902
0.352242512389
0.0106678714193
0.0256871959454
-0.303343202275
-0.331628729204
-0.460773306695
-0.174970399903
0.119400671447
0.275761078861
-0.16866925494
-0.0648985400678
-0.163135767344
-0.127081304887
-0.563680685885
-0.133573549639
-0.440413132103
0.0272971767938
0.00260984523487
-0.216539267136
-0.822508793077
-0.177730375596
-0.7034932616
-0.673511320871
-0.0147950421391
-0.840664909101
-0.270622647855
-0.205993086472
-0.450204023559
-0.521952629929
-0.594716148317
0.546971545196
-0.594041804097
-0.330822694749
-0.642548079213
-0.338678721589
-0.375990305728
-0.37272965
-0.364115922336
-0.68551152825
-0.0463777185762
-0.53351519912
-0.400683967185
0.0202413368522
-0.168665453683
-0.325054459892
-0.0880108583836
-0.366439378483
-0.3924172066
-0.379797239489
-0.511720615119
-0.575414863462
0.202702198748
-0.350832765743
0.256205131548
0.197577869944
-0.272191264073
-0.093720901581
-0.379683103578
-0.473920669726
-0.555633555882
-0.422781428119
-0.14568844935
0.00704082330295
-0.436965178619
-0.0429414488425
-0.724096958052
-0.52016874332
-0.607496658481
-0.172202029463
-0.316652758785
-0.324368487994
-0.221728572549
-1.02339982849
-0.265227294979
-0.100897355894
-0.425534913608
-0.46769809596
-0.710509191675
-0.278414329631
-0.769110581205
-1.29108536375
-0.0595949259614
-1.26243475799
-0.311291171439
-0.71448086414
0.187577289464
-0.427881922765
-0.311293324097
0.0012768206876
-0.207911953722
-0.0739734000504
-0.480481343792
-0.571806626093
-0.54911647417
0.0314385956231
-0.333732112729
-0.53844885395
-0.446354934538
-0.44154284781
-0.0646387142119
-0.0873092165936
0.0566865205133
-0.67367899854
-0.019535148559
-0.235457755013
-0.38457588234
-0.0116427339889
-0.423589700484
-0.0228041808033
-0.422104957582
-0.63894905739
-0.398257597111
-0.129517168176
-0.655457480884
-0.421987550716
-0.809097834989
-0.296141296652
-0.509178578374
-0.383943450418
-0.577622136428
-0.1674041229
-0.469433444045
-0.295003105744
-0.535046866841
-0.111925151585
-0.30858079739
-0.576735971957
0.0253770020777
-0.0149675667346
-0.137347813647
0.840245418023
-0.515771902537
0.035821186768
-0.428722765315
-0.406442351724
-0.127420114662
-0.738150865034
-0.0284751323673
-0.863509895152
-0.645501573604
0.22875493432
-0.158782187452
-0.574792876381
-0.764581771924
-0.349468592349
-0.795691616904
0.403335800778
-0.593088735976
0.0364299426576
-0.417934855061
-0.059432523583
-0.547482960942
0.37166264931
-0.0239608563559
-0.192768820694
-0.444951257783
-0.617814201334
-0.401221150483
-0.444475442488
-0.368411364746
-0.0943188345608
0.0926483724249
-0.373820266843
-0.607053404679
0.191020399835
0.0146697035717
-0.317327951496
-0.458410085639
-0.383571176772
-0.324578075271
-0.442535384508
-0.241911483315
-0.205587053936
0.215893150729
-0.611939951394
-0.57618019953
-0.642689327978
-0.240587290656
-0.0308289715354
-0.28481653043
-0.164368117723
0.197347579888
-0.532987893935
-0.408888784723
-0.353217954849
-0.490774169302
-0.00506041455317
0.105980820236
-0.427208079058
0.485610862506
-0.242260656855
-0.811866625267
0.432973832086
-0.778936187493
-0.280919140651
0.0882307115829
-0.388004829829
0.194894852744
-0.0959241953672
